1900  17.0065    1
1901  15.9769    1
1902  17.5741    1
1903  16.6065    1
1904  17.2407    1
1905  16.9185    1
1906  17.4444    1
1907  17.4769    1
1908  17.4907    1
1909  17.7477    1
1910  17.3056    1
1911  18.7639    1
1912  16.8889    1
1913  18.0602    1
1914  17.5093    1
1915  17.8472    1
1916  17.8657    1
1917  17.1713    1
1918  18.2880    1
1919  18.0509    1
1920  16.8426    1
1921  18.9208    1
1922  18.8333    1
1923  18.1944    1
1924  17.1296    1
1925  18.7500    1
1926  17.4444    1
1927  18.9213    1
1928  17.4352    1
1929  18.0232    1
1930  17.9352    1
1931  18.3796    1
1932  18.2500    1
1933  19.1458    1
1934  18.1986    1
1935  18.4347    1
1936  18.1384    1
1937  17.8421    1
1938  18.9579    1
1939  17.7528    2
1940  16.0505    2
1941  17.8097    2
1942  17.5181    2
1943  17.7218    2
1944  18.0366    2
1945  17.8190    2
1946  18.1343    2
1947  17.3796    2
1948  17.8194    2
1949  18.5926    2
1950  17.5556    2
1951  18.4907    2
1952  17.6806    2
1953  17.8056    2
1954  18.3056    2
1955  17.8657    2
1956  17.7995    2
1957  17.8194    3
1958  16.3657    3
1959  17.2482    3
1960  16.6111    3
1961  16.4907    3
1962  17.3056    3
1963  16.7500    3
1964  17.2639    3
1965  17.2130    3
1966  16.4861    3
1967  16.7454    3
1968  16.5139    3
1969  16.8181    3
1970  16.9537    3
1971  17.2685    3
1972  17.3657    3
1973  17.6111    3
1974  17.2917    3
1975  17.2315    3
1976  15.9352    3
1977  17.3056    3
1978  16.9398    3
1979  16.4120    3
1980  17.0787    3
1981  16.9907    3
1982  17.5482    3
1983  16.1111    3
1984  17.2546    3
1985  17.1759    3
1986  17.5556    3
1987  17.7125    4
1988  17.1574    4
1989  17.1343    4
1990  18.6620    4
1991  18.5463    4
1992  17.3333    4
1993  17.4352    4
1994  17.9926    4
1995  17.8792    4
1996  17.5273    4
1997  17.4903    4
1998  19.0968    4
1999  18.5982    4
2000  18.4671    4
