1901  1    45.92

1901  2    41.69

1901  3    51.74

1901  4    56.84

1901  5    69.04

1901  6    79.14

1901  7    82.84

1901  8    79.41

1901  9    72.29

1901  10   62.03

1901  11   47.64

1901  12   40.52

1902  1    41.72

1902  2    39.19

1902  3    54.64

1902  4    61.14

1902  5    76.54

1902  6    81.54

1902  7    85.14

1902  8    84.71

1902  9    74.29

1902  10   63.23

1902  11   57.04

1902  12   44.42

1903  1    43.32

1903  2    47.79

1903  3    59.74

1903  4    60.74

1903  5    69.64

1903  6    72.04

1903  7    82.04

1903  8    81.41

1903  9    74.59

1903  10   62.53

1903  11   49.14

1903  12   39.72

1904  1    39.92

1904  2    48.59

1904  3    58.64

1904  4    59.54

1904  5    70.54

1904  6    81.04

1904  7    79.54

1904  8    79.51

1904  9    77.99

1904  10   64.63

1904  11   50.84

1904  12   45.62

1905  1    37.22

1905  2    38.19

1905  3    60.24

1905  4    62.64

1905  5    75.24

1905  6    80.24

1905  7    80.44

1905  8    79.61

1905  9    76.49

1905  10   63.53

1905  11   52.48

1905  12   43.12

1906  1    46.32

1906  2    44.59

1906  3    50.64

1906  4    64.44

1906  5    69.34

1906  6    79.04

1906  7    79.54

1906  8    81.61

1906  9    79.49

1906  10   59.83

1906  11   54.94

1906  12   51.02

1907  1    53.52

1907  2    46.79

1907  3    64.54

1907  4    57.14

1907  5    67.04

1907  6    76.14

1907  7    82.14

1907  8    82.41

1907  9    74.79

1907  10   62.63

1907  11   49.74

1907  12   44.62

1908  1    42.52

1908  2    42.99

1908  3    61.74

1908  4    67.04

1908  5    72.24

1908  6    78.64

1908  7    78.84

1908  8    80.01

1908  9    75.49

1908  10   58.73

1908  11   55.84

1908  12   47.72

1909  1    48.92

1909  2    46.34

1909  3    55.44

1909  4    63.04

1909  5    69.64

1909  6    80.04

1909  7    82.54

1909  8    82.81

1909  9    76.69

1909  10   63.63

1909  11   58.34

1909  12   39.92

1910  1    44.82

1910  2    45.09

1910  3    61.24

1910  4    61.74

1910  5    69.74

1910  6    76.44

1910  7    80.14

1910  8    80.81

1910  9    79.59

1910  10   66.83

1910  11   49.64

1910  12   41.72

1911  1    50.32

1911  2    53.79

1911  3    56.64

1911  4    63.44

1911  5    73.34

1911  6    82.14

1911  7    79.24

1911  8    80.71

1911  9    82.29

1911  10   68.83

1911  11   49.04

1911  12   49.52

1912  1    40.32

1912  2    42.89

1912  3    51.94

1912  4    63.74

1912  5    72.74

1912  6    76.14

1912  7    81.54

1912  8    80.31

1912  9    78.19

1912  10   66.03

1912  11   48.94

1912  12   46.02

1913  1    51.22

1913  2    46.19

1913  3    55.34

1913  4    62.84

1913  5    72.24

1913  6    79.74

1913  7    84.24

1913  8    83.21

1913  9    74.59

1913  10   61.23

1913  11   56.54

1913  12   46.72

1914  1    48.72

1914  2    45.79

1914  3    50.44

1914  4    62.94

1914  5    70.84

1914  6    84.34

1914  7    82.64

1914  8    80.11

1914  9    74.89

1914  10   65.03

1914  11   53.04

1914  12   43.42

1915  1    43.02

1915  2    49.29

1915  3    47.54

1915  4    65.54

1915  5    76.04

1915  6    79.14

1915  7    81.44

1915  8    79.61

1915  9    77.99

1915  10   67.83

1915  11   55.14

1915  12   46.92

1916  1    52.32

1916  2    45.99

1916  3    54.34

1916  4    61.74

1916  5    73.54

1916  6    78.44

1916  7    79.24

1916  8    81.21

1916  9    74.89

1916  10   65.73

1916  11   54.64

1916  12   47.82

1917  1    50.52

1917  2    49.49

1917  3    57.04

1917  4    64.04

1917  5    66.34

1917  6    79.04

1917  7    81.14

1917  8    79.81

1917  9    74.39

1917  10   59.13

1917  11   52.24

1917  12   41.72

1918  1    37.82

1918  2    53.59

1918  3    64.44

1918  4    61.94

1918  5    74.14

1918  6    80.84

1918  7    81.45

1918  8    81.12

1918  9    70.89

1918  10   69.23

1918  11   52.84

1918  12   50.72

1919  1    44.52

1919  2    47.89

1919  3    56.44

1919  4    62.24

1919  5    68.54

1919  6    79.04

1919  7    80.54

1919  8    80.01

1919  9    75.79

1919  10   74.93

1919  11   57.44

1919  12   46.52

1920  1    45.92

1920  2    44.89

1920  3    49.84

1920  4    61.34

1920  5    71.24

1920  6    77.64

1920  7    80.64

1920  8    78.91

1920  9    77.59

1920  10   64.83

1920  11   50.34

1920  12   44.62

1921  1    48.82

1921  2    50.99

1921  3    64.64

1921  4    61.54

1921  5    71.84

1921  6    82.14

1921  7    83.04

1921  8    82.11

1921  9    76.48

1921  10   62.23

1921  11   58.54

1921  12   50.32

1922  1    47.32

1922  2    53.89

1922  3    55.84

1922  4    67.04

1922  5    72.34

1922  6    79.24

1922  7    80.84

1922  8    79.81

1922  9    79.09

1922  10   64.73

1922  11   57.04

1922  12   53.62

1923  1    51.32

1923  2    47.49

1923  3    54.44

1923  4    63.64

1923  5    71.84

1923  6    80.54

1923  7    81.04

1923  8    81.21

1923  9    76.69

1923  10   63.13

1923  11   50.84

1923  12   54.82

1924  1    40.32

1924  2    47.59

1924  3    51.34

1924  4    63.04

1924  5    68.54

1924  6    81.94

1924  7    80.94

1924  8    82.21

1924  9    72.89

1924  10   64.13

1924  11   54.34

1924  12   46.72

1925  1    48.32

1925  2    53.09

1925  3    58.44

1925  4    69.24

1925  5    70.84

1925  6    83.14

1925  7    82.24

1925  8    80.31

1925  9    82.49

1925  10   64.93

1925  11   52.14

1925  12   43.82

1926  1    45.32

1926  2    50.79

1926  3    49.64

1926  4    59.74

1926  5    70.24

1926  6    78.94

1926  7    79.64

1926  8    81.31

1926  9    79.79

1926  10   65.83

1926  11   49.14

1926  12   50.42

1927  1    48.92

1927  2    57.89

1927  3    56.34

1927  4    67.54

1927  5    72.54

1927  6    78.84

1927  7    81.24

1927  8    78.81

1927  9    78.29

1927  10   66.53

1927  11   59.84

1927  12   45.92

1928  1    45.12

1928  2    47.89

1928  3    55.24

1928  4    59.84

1928  5    70.34

1928  6    77.34

1928  7    81.74

1928  8    82.41

1928  9    73.79

1928  10   68.13

1928  11   52.74

1928  12   46.02

1929  1    48.42

1929  2    45.09

1929  3    60.24

1929  4    68.34

1929  5    71.84

1929  6    78.54

1929  7    81.64

1929  8    81.01

1929  9    75.49

1929  10   63.03

1929  11   54.44

1929  12   45.22

1930  1    44.52

1930  2    53.99

1930  3    52.64

1930  4    65.44

1930  5    72.14

1930  6    77.64

1930  7    85.44

1930  8    80.11

1930  9    77.89

1930  10   63.33

1930  11   54.34

1930  12   43.92

1931  1    44.52

1931  2    49.59

1931  3    50.04

1931  4    61.94

1931  5    68.44

1931  6    80.74

1931  7    82.74

1931  8    78.91

1931  9    80.89

1931  10   67.83

1931  11   60.54

1931  12   54.82

1932  1    51.92

1932  2    57.89

1932  3    51.04

1932  4    65.04

1932  5    70.24

1932  6    80.94

1932  7    83.74

1932  8    82.21

1932  9    74.99

1932  10   62.23

1932  11   49.64

1932  12   48.32

1933  1    51.52

1933  2    48.99

1933  3    55.54

1933  4    62.44

1933  5    76.74

1933  6    78.84

1933  7    80.84

1933  8    82.21

1933  9    81.69

1933  10   67.63

1933  11   54.76

1933  12   56.35

1934  1    49.74

1934  2    44.72

1934  3    54.38

1934  4    64.27

1934  5    72.41

1934  6    80.93

1934  7    82.93

1934  8    82.26

1934  9    75.63

1934  10   66.71

1934  11   57.06

1934  12   46.05

1935  1    48.04

1935  2    49.52

1935  3    62.18

1935  4    64.87

1935  5    73.21

1935  6    77.73

1935  7    83.13

1935  8    83.86

1935  9    75.93

1935  10   67.31

1935  11   55.76

1935  12   40.65

1936  1    43.84

1936  2    45.32

1936  3    59.08

1936  4    61.47

1936  5    73.31

1936  6    82.03

1936  7    82.13

1936  8    81.06

1936  9    79.03

1936  10   66.71

1936  11   52.16

1936  12   49.65

1937  1    57.44

1937  2    48.22

1937  3    52.38

1937  4    63.07

1937  5    73.01

1937  6    81.23

1937  7    78.93

1937  8    82.26

1937  9    73.73

1937  10   62.31

1937  11   51.06

1937  12   45.75

1938  1    46.84

1938  2    54.02

1938  3    63.68

1938  4    62.97

1938  5    72.81

1938  6    77.53

1938  7    81.33

1938  8    82.36

1938  9    76.53

1938  10   69.81

1938  11   58.46

1938  12   47.15

1939  1    48.73

1939  2    51.82

1939  3    58.28

1939  4    61.99

1939  5    71.42

1939  6    78.67

1939  7    81.11

1939  8    79.16

1939  9    76.81

1939  10   64.81

1939  11   49.11

1939  12   45.55

1940  1    30.34

1940  2    41.62

1940  3    52.38

1940  4    59.77

1940  5    65.61

1940  6    75.73

1940  7    79.03

1940  8    81.96

1940  9    74.93

1940  10   66.11

1940  11   53.56

1940  12   49.65

1941  1    46.24

1941  2    42.12

1941  3    48.78

1941  4    64.97

1941  5    73.51

1941  6    80.53

1941  7    81.33

1941  8    80.66

1941  9    78.03

1941  10   71.21

1941  11   52.66

1941  12   48.65

1942  1    42.04

1942  2    43.62

1942  3    55.28

1942  4    65.17

1942  5    71.41

1942  6    79.33

1942  7    82.13

1942  8    80.06

1942  9    73.73

1942  10   65.41

1942  11   56.46

1942  12   47.75

1943  1    47.54

1943  2    49.32

1943  3    52.98

1943  4    63.87

1943  5    74.81

1943  6    82.63

1943  7    82.73

1943  8    83.16

1943  9    71.53

1943  10   61.91

1943  11   50.46

1943  12   45.85

1944  1    45.64

1944  2    53.42

1944  3    56.58

1944  4    62.87

1944  5    72.71

1944  6    81.93

1944  7    81.13

1944  8    79.96

1944  9    75.93

1944  10   63.41

1944  11   53.96

1944  12   46.05

1945  1    46.44

1945  2    48.09

1945  3    55.70

1945  4    63.44

1945  5    71.81

1945  6    79.01

1945  7    81.80

1945  8    82.70

1945  9    79.40

1945  10   62.70

1945  11   56.50

1945  12   41.30

1946  1    47.00

1946  2    50.90

1946  3    61.70

1946  4    68.10

1946  5    70.40

1946  6    73.00

1946  7    80.00

1946  8    78.20

1946  9    73.40

1946  10   64.20

1946  11   59.20

1946  12   49.60

1947  1    49.50

1947  2    41.30

1947  3    49.30

1947  4    65.60

1947  5    70.30

1947  6    77.80

1947  7    77.90

1947  8    81.80

1947  9    77.80

1947  10   70.30

1947  11   51.10

1947  12   46.70

1948  1    37.20

1948  2    49.30

1948  3    57.70

1948  4    68.10

1948  5    72.80

1948  6    80.30

1948  7    81.90

1948  8    79.80

1948  9    73.80

1948  10   62.40

1948  11   55.70

1948  12   49.90

1949  1    53.60

1949  2    53.10

1949  3    56.10

1949  4    62.80

1949  5    73.90

1949  6    79.10

1949  7    82.10

1949  8    81.40

1949  9    74.30

1949  10   70.40

1949  11   51.00

1949  12   47.80

1950  1    59.70

1950  2    53.90

1950  3    53.40

1950  4    60.50

1950  5    75.10

1950  6    78.40

1950  7    79.00

1950  8    78.10

1950  9    72.10

1950  10   66.00

1950  11   46.70

1950  12   40.30

1951  1    48.50

1951  2    50.30

1951  3    56.90

1951  4    62.40

1951  5    71.70

1951  6    79.90

1951  7    84.10

1951  8    85.50

1951  9    77.40

1951  10   66.60

1951  11   48.90

1951  12   51.20

1952  1    52.60

1952  2    52.50

1952  3    53.90

1952  4    61.40

1952  5    71.60

1952  6    83.90

1952  7    83.70

1952  8    80.50

1952  9    72.50

1952  10   56.60

1952  11   51.80

1952  12   44.90

1953  1    48.90

1953  2    49.00

1953  3    58.70

1953  4    60.40

1953  5    74.40

1953  6    81.90

1953  7    79.70

1953  8    79.80

1953  9    74.70

1953  10   65.60

1953  11   52.50

1953  12   43.00

1954  1    45.80

1954  2    52.60

1954  3    54.00

1954  4    67.50

1954  5    65.60

1954  6    80.00

1954  7    83.70

1954  8    85.70

1954  9    79.70

1954  10   66.20

1954  11   52.80

1954  12   45.80

1955  1    44.80

1955  2    50.00

1955  3    59.20

1955  4    67.60

1955  5    73.90

1955  6    73.60

1955  7    80.20

1955  8    81.00

1955  9    78.20

1955  10   62.60

1955  11   51.90

1955  12   46.90

1956  1    44.00

1956  2    53.20

1956  3    55.20

1956  4    62.00

1956  5    74.10

1956  6    79.20

1956  7    81.98

1956  8    81.44

1956  9    76.36

1956  10   65.09

1956  11   51.04

1956  12   44.86

1957  1    47.32

1957  2    56.79

1957  3    52.24

1957  4    64.64

1957  5    72.14

1957  6    79.34

1957  7    80.44

1957  8    80.21

1957  9    74.49

1957  10   59.23

1957  11   54.34

1957  12   47.72

1958  1    40.62

1958  2    38.89

1958  3    51.34

1958  4    62.14

1958  5    70.64

1958  6    78.64

1958  7    79.54

1958  8    79.81

1958  9    75.89

1958  10   62.33

1958  11   55.34

1958  12   42.32

1959  1    43.45

1959  2    48.49

1959  3    51.64

1959  4    61.54

1959  5    72.54

1959  6    76.87

1959  7    81.14

1959  8    81.31

1959  9    74.89

1959  10   66.63

1959  11   50.94

1959  12   47.12

1960  1    44.22

1960  2    44.69

1960  3    45.44

1960  4    64.04

1960  5    67.34

1960  6    78.24

1960  7    82.94

1960  8    80.51

1960  9    75.59

1960  10   65.43

1960  11   52.64

1960  12   41.72

1961  1    38.72

1961  2    51.49

1961  3    57.64

1961  4    57.74

1961  5    66.94

1961  6    73.84

1961  7    78.24

1961  8    78.01

1961  9    74.79

1961  10   62.23

1961  11   54.44

1961  12   46.12

1962  1    41.82

1962  2    54.89

1962  3    50.14

1962  4    59.14

1962  5    75.54

1962  6    77.24

1962  7    81.54

1962  8    81.71

1962  9    75.79

1962  10   66.73

1962  11   50.84

1962  12   42.42

1963  1    37.72

1963  2    41.29

1963  3    57.94

1963  4    66.04

1963  5    72.74

1963  6    79.24

1963  7    79.54

1963  8    80.21

1963  9    73.19

1963  10   66.43

1963  11   53.84

1963  12   37.62

1964  1    41.62

1964  2    42.89

1964  3    54.44

1964  4    66.84

1964  5    71.74

1964  6    80.04

1964  7    79.74

1964  8    79.51

1964  9    75.79

1964  10   60.43

1964  11   56.34

1964  12   47.52

1965  1    46.22

1965  2    44.89

1965  3    50.14

1965  4    64.74

1965  5    72.74

1965  6    76.54

1965  7    79.44

1965  8    78.91

1965  9    75.89

1965  10   63.03

1965  11   56.64

1965  12   46.62

1966  1    39.72

1966  2    46.99

1966  3    53.44

1966  4    62.84

1966  5    69.14

1966  6    74.84

1966  7    81.64

1966  8    77.51

1966  9    73.69

1966  10   60.73

1966  11   53.64

1966  12   45.92

1967  1    44.62

1967  2    43.19

1967  3    59.34

1967  4    69.04

1967  5    69.44

1967  6    78.04

1967  7    75.84

1967  8    74.71

1967  9    69.69

1967  10   61.23

1967  11   49.94

1967  12   50.62

1968  1    41.72

1968  2    40.79

1968  3    51.74

1968  4    64.74

1968  5    70.04

1968  6    78.54

1968  7    79.94

1968  8    80.51

1968  9    72.39

1968  10   64.93

1968  11   51.94

1968  12   43.42

1969  1    44.62

1969  2    49.09

1969  3    48.84

1969  4    65.94

1969  5    71.04

1969  6    75.44

1969  7    81.84

1969  8    79.48

1969  9    72.99

1969  10   64.23

1969  11   49.94

1969  12   43.82

1970  1    38.72

1970  2    45.89

1970  3    53.44

1970  4    65.64

1970  5    70.34

1970  6    74.24

1970  7    77.94

1970  8    80.31

1970  9    79.19

1970  10   64.13

1970  11   49.74

1970  12   50.62

1971  1    45.12

1971  2    45.99

1971  3    49.34

1971  4    60.64

1971  5    66.14

1971  6    78.84

1971  7    79.34

1971  8    78.41

1971  9    75.69

1971  10   68.43

1971  11   53.04

1971  12   56.02

1972  1    48.52

1972  2    47.59

1972  3    55.94

1972  4    62.24

1972  5    69.54

1972  6    75.84

1972  7    78.14

1972  8    79.11

1972  9    77.79

1972  10   63.33

1972  11   51.14

1972  12   49.92

1973  1    43.82

1973  2    46.09

1973  3    60.64

1973  4    59.84

1973  5    67.64

1973  6    76.74

1973  7    79.64

1973  8    77.41

1973  9    77.49

1973  10   68.63

1973  11   58.54

1973  12   47.92

1974  1    54.92

1974  2    48.39

1974  3    61.54

1974  4    61.84

1974  5    72.14

1974  6    73.04

1974  7    79.54

1974  8    77.51

1974  9    69.89

1974  10   59.73

1974  11   52.74

1974  12   46.22

1975  1    49.22

1975  2    51.89

1975  3    54.84

1975  4    60.74

1975  5    72.34

1975  6    75.74

1975  7    78.94

1975  8    78.81

1975  9    70.79

1975  10   64.03

1975  11   52.84

1975  12   46.02

1976  1    40.62

1976  2    53.29

1976  3    58.54

1976  4    62.44

1976  5    64.44

1976  6    74.84

1976  7    78.54

1976  8    76.01

1976  9    71.29

1976  10   59.23

1976  11   46.34

1976  12   42.62

1977  1    33.72

1977  2    45.99

1977  3    57.54

1977  4    64.74

1977  5    72.84

1977  6    79.54

1977  7    82.14

1977  8    81.31

1977  9    76.59

1977  10   61.03

1977  11   56.74

1977  12   45.62

1978  1    36.02

1978  2    39.19

1978  3    50.84

1978  4    64.24

1978  5    70.44

1978  6    78.84

1978  7    82.44

1978  8    81.01

1978  9    78.19

1978  10   62.43

1978  11   59.64

1978  12   46.62

1979  1    38.02

1979  2    44.59

1979  3    55.24

1979  4    63.04

1979  5    69.44

1979  6    75.64

1979  7    80.04

1979  8    79.21

1979  9    72.89

1979  10   62.23

1979  11   52.94

1979  12   45.22

1980  1    45.92

1980  2    42.19

1980  3    51.74

1980  4    60.24

1980  5    70.94

1980  6    77.94

1980  7    84.24

1980  8    82.91

1980  9    79.49

1980  10   60.83

1980  11   51.64

1980  12   44.82

1981  1    41.02

1981  2    47.79

1981  3    52.34

1981  4    66.54

1981  5    67.54

1981  6    80.34

1981  7    82.14

1981  8    79.41

1981  9    72.29

1981  10   62.23

1981  11   55.24

1981  12   44.12

1982  1    43.22

1982  2    48.19

1982  3    58.64

1982  4    60.04

1982  5    70.48

1982  6    76.44

1982  7    80.94

1982  8    79.41

1982  9    73.29

1982  10   64.53

1982  11   55.54

1982  12   52.32

1983  1    42.92

1983  2    46.49

1983  3    51.94

1983  4    56.84

1983  5    68.04

1983  6    74.14

1983  7    80.64

1983  8    81.51

1983  9    72.49

1983  10   63.63

1983  11   52.54

1983  12   40.82

1984  1    39.62

1984  2    49.69

1984  3    54.84

1984  4    60.34

1984  5    68.54

1984  6    78.04

1984  7    79.44

1984  8    77.61

1984  9    73.29

1984  10   69.03

1984  11   51.94

1984  12   54.32

1985  1    37.12

1985  2    44.99

1985  3    58.54

1985  4    63.84

1985  5    70.84

1985  6    78.34

1985  7    79.34

1985  8    79.41

1985  9    73.29

1985  10   67.63

1985  11   60.74

1985  12   40.92

1986  1    42.02

1986  2    50.89

1986  3    54.44

1986  4    61.54

1986  5    71.84

1986  6    79.04

1986  7    82.64

1986  8    78.31

1986  9    76.69

1986  10   64.43

1986  11   57.04

1986  12   44.32

1987  1    42.32

1987  2    49.19

1987  3    56.64

1987  4    60.34

1987  5    75.10

1987  6    78.30

1987  7    81.70

1987  8    83.60

1987  9    74.90

1987  10   58.00

1987  11   55.20

1987  12   51.30

1988  1    40.60

1988  2    45.20

1988  3    54.10

1988  4    63.20

1988  5    69.70

1988  6    78.80

1988  7    80.20

1988  8    82.20

1988  9    76.60

1988  10   59.60

1988  11   57.20

1988  12   47.20

1989  1    50.40

1989  2    47.50

1989  3    57.30

1989  4    61.70

1989  5    69.70

1989  6    77.20

1989  7    80.40

1989  8    80.30

1989  9    74.50

1989  10   62.30

1989  11   53.90

1989  12   38.90

1990  1    49.60

1990  2    55.30

1990  3    58.30

1990  4    62.40

1990  5    69.30

1990  6    78.40

1990  7    80.40

1990  8    82.30

1990  9    78.20

1990  10   64.60

1990  11   56.70

1990  12   51.60

1991  1    46.00

1991  2    50.90

1991  3    57.10

1991  4    66.50

1991  5    75.10

1991  6    78.90

1991  7    82.90

1991  8    82.50

1991  9    76.60

1991  10   66.20

1991  11   51.10

1991  12   50.80

1992  1    44.40

1992  2    52.40

1992  3    55.70

1992  4    62.80

1992  5    69.60

1992  6    76.40

1992  7    81.50

1992  8    77.60

1992  9    74.90

1992  10   63.30

1992  11   52.50

1992  12   47.30

1993  1    49.20

1993  2    47.00

1993  3    52.40

1993  4    59.70

1993  5    70.10

1993  6    78.80

1993  7    84.30

1993  8    82.20

1993  9    74.50

1993  10   63.40

1993  11   52.80

1993  12   46.20

1994  1    40.90

1994  2    50.20

1994  3    56.80

1994  4    66.20

1994  5    71.72

1994  6    78.38

1994  7    81.94

1994  8    81.17

1994  9    75.72

1994  10   64.94

1994  11   54.82

1994  12   49.85

1995  1    45.74

1995  2    47.82

1995  3    58.58

1995  4    65.47

1995  5    74.01

1995  6    76.83

1995  7    82.93

1995  8    84.46

1995  9    75.43

1995  10   64.31

1995  11   50.26

1995  12   44.35

1996  1    43.54

1996  2    48.02

1996  3    52.08

1996  4    61.57

1996  5    74.71

1996  6    78.93

1996  7    81.53

1996  8    79.86

1996  9    73.33

1996  10   64.91

1996  11   53.96

1996  12   50.15

1997  1    46.74

1997  2    51.32

1997  3    61.78

1997  4    60.57

1997  5    69.11

1997  6    76.23

1997  7    82.33

1997  8    79.46

1997  9    75.73

1997  10   63.71

1997  11   50.86

1997  12   43.95

1998  1    48.04

1998  2    50.12

1998  3    54.98

1998  4    63.17

1998  5    75.01

1998  6    82.53

1998  7    83.63

1998  8    81.76

1998  9    79.73

1998  10   68.31

1998  11   58.26

1998  12   50.95

1999  1    49.84

1999  2    52.42

1999  3    52.98

1999  4    68.67

1999  5    72.11

1999  6    78.43

1999  7    83.33

1999  8    84.76

1999  9    74.93

1999  10   65.01

1999  11   55.09

1999  12   48.15

2000  1    46.44

2000  2    53.62

2000  3    59.48

2000  4    61.87

2000  5    75.91

2000  6    79.73

2000  7    84.83

2000  8    84.56

2000  9    76.93

2000  10   66.51

2000  11   53.36

2000  12   39.65

